0 0 0 0 0 0 
-0.00582848 0.166707 0 0 0 0 
-0.00582848 0.166707 0.220664 0 0 0 
-0.00582848 0.166707 0.220664 0.17877 0 0 
-0.00582848 0.166707 0.220664 0.17877 -0.0751745 0 
-0.00582848 0.166707 0.220664 0.17877 -0.0751745 -0.0642935 
0.0577458 0.549376 0.220664 0.17877 -0.0751745 -0.0642935 
0.0577458 0.549376 0.0837559 0.17877 -0.0751745 -0.0642935 
0.785001 0.122958 0.0837559 0.17877 -0.0751745 -0.0642935 
0.785001 0.122958 0.0837559 0.17877 -0.0751745 -0.127396 
0.785001 0.122958 0.0837559 0.17877 -0.242466 -0.127396 
0.859 0.94897 0.0837559 0.17877 -0.242466 -0.127396 

