0 0 0 0 0 0 0 0 
-0.0373534 -0.409054 0 0 0 0 0 0 
-0.0373534 -0.409054 0 0 1.49058 0 0 0 
-0.0373534 -0.409054 0 0 1.49058 0 -0.0514878 -0.852929 
-0.241828 -1.19614 0 0 1.49058 0 -0.0514878 -0.852929 
-0.241828 -1.19614 0.973261 -0.637716 1.49058 0 -0.0514878 -0.852929 
-0.241828 -1.19614 0.973261 -0.637716 1.49058 0 0.542266 -0.860295 
-1.09956 -1.11753 0.973261 -0.637716 1.49058 0 0.542266 -0.860295 
-1.09956 -1.11753 1.03895 -1.05715 1.49058 0 0.542266 -0.860295 
-1.09956 -1.11753 1.03895 -1.05715 1.49058 0 0.646012 0.0243154 
-1.04922 -0.537221 1.03895 -1.05715 1.49058 0 0.646012 0.0243154 
-1.04922 -0.537221 0.4591 -1.23157 1.49058 0 0.646012 0.0243154 
-1.04922 -0.537221 0.4591 -1.23157 1.49058 0 0.243754 0.074102 
-1.04922 -0.537221 0.4591 -1.23157 1.49058 1.45243 0.243754 0.074102 
-1.04922 -0.537221 0.4591 -1.23157 1.49058 1.45243 1.9985 -0.001 

