-0.862813 -0.163984 0.192061 -0.834315 0.394768 1.13466 1.999 -0.00122462 
-0.90276 -0.0818143 0.192061 -0.834315 0.394768 1.13466 1.999 -0.00122462 
-0.90276 -0.0818143 0.737797 -1.14565 0.394768 1.13466 1.999 -0.00122462 
-0.90276 -0.0818143 0.737797 -1.14565 0.88046 1.13466 1.999 -0.00122462 
-0.957866 -0.0566862 0.737797 -1.14565 0.88046 1.13466 1.999 -0.00122462 
-1.02954 0.0122186 0.737797 -1.14565 0.88046 1.13466 1.999 -0.00122462 
-1.02954 0.0122186 0.862094 -1.21097 0.88046 1.13466 1.999 -0.00122462 
-1.02954 0.0122186 0.862094 -1.21097 1.46798 1.13466 1.999 -0.00122462 
-1.02954 0.0122186 0.862094 -1.21097 1.46798 0.847375 1.999 -0.00122462 
-1.08874 -0.788323 0.862094 -1.21097 1.46798 0.847375 1.999 -0.00122462 
-1.01777 -0.82206 0.862094 -1.21097 1.46798 0.847375 1.999 -0.00122462 
-1.01777 -0.82206 0.897975 -0.839751 1.46798 0.847375 1.999 -0.00122462 
-1.01777 -0.82206 0.897975 -0.839751 1.35632 0.847375 1.999 -0.00122462 
-1.06407 -0.688978 0.897975 -0.839751 1.35632 0.847375 1.999 -0.00122462 
-0.964974 -0.695619 0.897975 -0.839751 1.35632 0.847375 1.999 -0.00122462 
-0.964974 -0.695619 0.851302 -0.791061 1.35632 0.847375 1.999 -0.00122462 
-0.964974 -0.695619 0.851302 -0.791061 1.22503 0.847375 1.999 -0.00122462 
-0.964974 -0.695619 0.851302 -0.791061 1.22503 0.925163 1.999 -0.00122462 
-1.0493 -0.620893 0.851302 -0.791061 1.22503 0.925163 1.999 -0.00122462 
-1.0493 -0.620893 1.0592 -0.717469 1.22503 0.925163 1.999 -0.00122462 
-1.0493 -0.620893 1.0592 -0.717469 1.11496 0.925163 1.999 -0.00122462 
-1.0493 -0.620893 1.0592 -0.717469 1.11496 0.953489 1.999 -0.00122462 
-1.0493 -0.620893 1.0592 -0.717469 1.11496 0.953489 2.0042 0.00949478 

