0 0 0 0 0 0 -0.6 0.7 
-0.0419811 -0.391318 0 0 0 0 -0.6 0.7 
-0.0419811 -0.391318 -0.536429 -1.34846 0 0 -0.6 0.7 
-0.0419811 -0.391318 -0.536429 -1.34846 1.40783 0 -0.6 0.7 
-0.0419811 -0.391318 -0.536429 -1.34846 1.40783 1.50847 -0.6 0.7 
-0.0419811 -0.391318 -0.536429 -1.34846 1.40783 1.50847 -0.44704 1.01536 
0.746788 -0.487458 -0.536429 -1.34846 1.40783 1.50847 -0.44704 1.01536 
0.746788 -0.487458 -0.467984 -1.88108 1.40783 1.50847 -0.44704 1.01536 
0.746788 -0.487458 -0.467984 -1.88108 1.40783 1.50847 1.99879 -0.00100005 

