0 0 0 0 0 0 0 0 
-0.488915 0.0338172 0 0 0 0 0 0 
-0.488915 0.0338172 -0.0907801 -1.10596 0 0 0 0 
-0.488915 0.0338172 -0.0907801 -1.10596 0.00245368 0 0 0 
-0.488915 0.0338172 -0.0907801 -1.10596 0.00245368 1.55016 0 0 
-0.488915 0.0338172 -0.0907801 -1.10596 0.00245368 1.55016 -0.136889 -2.47788 
-0.978285 0.00587953 -0.0907801 -1.10596 0.00245368 1.55016 -0.136889 -2.47788 
-0.978285 0.00587953 -0.0907801 -1.10596 1.47552 1.55016 -0.136889 -2.47788 
-0.978285 0.00587953 -0.0907801 -1.10596 1.47552 1.55016 1.99886 -2.32715 

